prior_fraction_rejected = 0.200996
num_explored = 10000.000000
fraction_explored = 1.000000
rate_of_hits = 0.000000
uncertainity = 0.000000
